version https://git-lfs.github.com/spec/v1
oid sha256:5bde74da74ffe14184dbc1e6a4a6a3f3a7fccf339dd13d71e02bdf59b0926bc2
size 76348028
